rolling_error_mean: 14.279056993833697
rolling_error_std: 0.7651381139876523
windowSize: 10
